2012682at2	0	8.7	87
1827295at2	0	6.7	67
932854at2	0	130.437233549	423
1080436at2	0	6.75068600494	261
1842956at2	0	9.45311382201	67
533698at2	0	8.43372082811	288
1937493at2	0	36.444032769	174
1713391at2	0	9.6	96
232152at2	0	9.62722550796	294
1567535at2	0	8.44557577938	312
923547at2	0	6.74528254654	308
1093223at2	0	15.3167427152	347
761140at2	0	29.7	297
1505038at2	0	14.8	148
984717at2	0	21.8	218
1671455at2	0	2.38283355971	165
1844275at2	0	18.1	181
1054741at2	0	8.89681155585	327
1990650at2	0	2.33129828795	81
1720952at2	0	14.2	142
1786618at2	0	2.09624008926	102
182107at2	0	6.77120831119	491
353391at2	0	20.4449875696	326
1937072at2	0	6.9	69
143460at2	0	14.4080640789	447
1846503at2	0	10.7	107
226836at2	0	6.33778923616	471
981870at2	0	8.66734673172	267
1211060at2	0	8.76768359569	167
1592033at2	0	37.0	370
1151822at2	0	7.34146611281	263
1940575at2	0	4.8	48
1701531at2	0	7.59218659309	152
1043239at2	0	6.07717463764	152
1266295at2	0	6.06018077565	246
1904463at2	0	1.07849254756	67
9601at2	0	33.2901486404	814
665824at2	0	85.7472651052	475
1504821at2	0	14.8747766256	220
91428at2	0	43.7773276563	544
219876at2	0	19.5163101566	262
2075502at2	0	12.2535360362	58
267682at2	0	15.8196644264	281
841869at2	0	13.7963235483	187
2005443at2	0	7.3	73
1707228at2	0	10.4	104
1990141at2	0	1.1498760147	66
932993at2	0	42.7561458017	228
1963491at2	0	10.2	102
1932144at2	0	1.92195278404	92
1822215at2	0	1.10563188895	112
1978865at2	0	9.1	91
1758685at2	0	21.6467733959	65
384865at2	0	9.91608015264	186
2063644at2	0	3.65424635581	36
2040741at2	0	5.3	53
837522at2	0	3.30767879349	408
1661836at2	0	5.03760338686	148
1949059at2	0	1.75531390286	100
1822695at2	0	8.9	89
1419877at2	0	6.42933978809	258
1346419at2	0	28.8	288
1893906at2	0	1.1761513501	71
1491686at2	0	2.36898554327	129
1502854at2	0	4.4348653784	185
504464at2	0	5.86227291423	233
95696at2	0	10.8328270271	478
4421at2	0	113.4	1134
223233at2	0	29.9906708384	445
1702697at2	0	1.0587724017	105
2046660at2	0	3.1	31
1009041at2	0	8.57825991545	212
1776954at2	0	2.45024592499	69
1166299at2	0	12.7	127
1595498at2	0	4.84901917975	40
1874945at2	0	7.78644667524	81
776861at2	0	60.0803553858	214
961486at2	0	10.9477509536	176
1674344at2	0	13.4	134
505485at2	0	7.38062125057	236
1590629at2	0	14.0458938397	81
1959318at2	0	12.399507515	94
2035880at2	0	1.1451725647	56
1971380at2	0	5.84113878473	118
1760144at2	0	5.87625288872	87
1574817at2	0	12.661334472	143
1827334at2	0	8.9675161385	88
1890943at2	0	14.446939676	91
1490892at2	0	21.227193195	89
1766414at2	0	1.09576007608	98
1270636at2	0	15.8	158
1470978at2	0	4.25949491244	106
1036075at2	0	37.0060365739	312
1456375at2	0	14.1	141
1398618at2	0	7.83725202399	144
402899at2	0	10.7668127041	288
2066663at2	0	2.99020083033	54
1572673at2	0	12.4144398623	99
1666043at2	0	1.70894637127	85
1395197at2	0	19.7448404946	154
1497415at2	0	20.1995954604	58
462069at2	0	17.5560241984	215
1074831at2	0	42.0	420
1698718at2	0	8.8	88
1623045at2	0	18.7	187
1906715at2	0	7.5	75
26038at2	0	34.2680187622	393
469058at2	0	3.66015376146	292
1692188at2	0	13.0	130
1272633at2	0	11.0096654563	168
1676462at2	0	7.67003666429	113
1772647at2	0	4.63322872452	104
874197at2	0	3.71088830149	272
1257362at2	0	6.3027462546	235
1069591at2	0	18.3	183
1132353at2	0	3.85266306826	162
430176at2	0	3.43397649341	361
1024388at2	0	8.05009953902	307
1540940at2	0	1.11383106346	133
662686at2	0	10.2185318067	230
1799923at2	0	0.546418971415	103
1838961at2	0	5.17486096919	90
1830156at2	0	7.4	74
1049662at2	0	43.1	431
